124 6
133 6
148 4
171 6
201 6
209 6
219 6
224 6
229 4
248 6
261 4
266 6
273 6
273 6
283 2
288 6
296 4
301 6
309 6
325 12
331 2
333 6
342 6
344 6
344 2
371 12
372 6
380 12
399 6
399 6
399 6
402 6
403 6
404 4
408 4
416 6
418 6
432 4
438 6
444 4
448 6
451 4
453 6
458 4
468 6
468 6
468 6
491 2
496 6
497 6
504 6
504 6
504 6
513 6
522 4
527 4
532 6
532 6
532 6
546 6
546 6
553 6
563 2
566 2
576 6
579 6
581 6
592 4
592 6
602 6
603 6
608 6
612 4
618 6
620 6
627 6
633 10
643 2
650 12
657 6
662 2
665 6
666 6
671 6
672 6
675 10
679 4
684 6
684 6
684 6
684 6
687 4
688 6
688 6
688 2
693 6
693 6
695 12
707 10
713 6
728 6
728 6
733 4
740 4
740 4
742 12
744 6
744 6
748 4
751 2
755 12
760 12
764 10
765 4
765 12
765 4
765 4
765 12
771 4
777 6
777 6
779 10
780 4
780 4
783 4
785 4
785 4
793 12
798 6
798 6
798 6
800 10
804 6
806 6
808 4
812 12
812 4
816 4
819 6
819 6
819 6
819 6
832 6
836 6
837 10
843 4
849 2
851 6
855 12
855 6
855 6
856 2
864 6
864 4
868 10
868 6
872 6
876 6
888 4
889 6
896 6
902 4
903 6
903 6
903 6
906 6
916 4
916 6
921 6
927 6
928 4
931 6
931 6
931 6
936 12
936 6
936 6
936 6
944 4
945 6
945 4
948 6
959 4
963 6
968 10
968 2
969 6
973 6
975 30
975 12
980 4
980 12
981 12
981 6
981 2
982 2
985 4
988 2
992 10
992 6
993 2
994 6
995 12
999 6
